  Time   ChainA   ChainB   ChainC    ChainD
   0.00  0.2765   0.3558   0.4105    0.2408
  10.00  0.2780   0.3429   0.4164    0.2326
  20.00  0.2578   0.3410   0.4397    0.2465
  30.00  0.2664   0.3649   0.4098    0.2385
  40.00  0.2526   0.3845   0.4001    0.2333
  50.00  0.2662   0.3846   0.3788    0.2413
  60.00  0.2711   0.3427   0.3881    0.2546
  70.00  0.2775   0.3379   0.3865    0.2366
  80.00  0.2752   0.3559   0.4045    0.2410
  90.00  0.2745   0.3462   0.3944    0.2366
 100.00  0.2707   0.3376   0.3924    0.2346
 110.00  0.2488   0.3466   0.3853    0.2259
 120.00  0.2561   0.3733   0.4005    0.2283
 130.00  0.2641   0.3677   0.4074    0.2252
 140.00  0.2718   0.3658   0.3974    0.2275
 150.00  0.2779   0.3748   0.3963    0.2395
 160.00  0.2654   0.3675   0.3993    0.2494
 170.00  0.2767   0.3511   0.3867    0.2339
 180.00  0.2847   0.3600   0.3949    0.2423
 190.00  0.3002   0.3479   0.3966    0.2329
 200.00  0.2760   0.3462   0.3986    0.2262
 210.00  0.2842   0.3781   0.3985    0.2428
 220.00  0.2886   0.3418   0.3903    0.2432
 230.00  0.2817   0.3427   0.3820    0.2467
 240.00  0.2757   0.3245   0.4071    0.2505
 250.00  0.2981   0.3271   0.4084    0.2455
 260.00  0.2837   0.3273   0.4212    0.2527
 270.00  0.2819   0.3112   0.4164    0.2400
 280.00  0.2856   0.3125   0.4084    0.2394
 290.00  0.2772   0.3107   0.4126    0.2508
 300.00  0.2642   0.3162   0.4140    0.2629
 310.00  0.2632   0.3154   0.3962    0.2487
 320.00  0.2525   0.3118   0.4065    0.2635
 330.00  0.2632   0.3126   0.3895    0.2569
 340.00  0.2830   0.3162   0.4080    0.2480
 350.00  0.2799   0.3084   0.4171    0.2446
 360.00  0.2704   0.3285   0.4258    0.2495
 370.00  0.2847   0.3140   0.4265    0.2449
 380.00  0.2872   0.2984   0.4157    0.2442
 390.00  0.3012   0.3021   0.4146    0.2486
 400.00  0.2950   0.2977   0.4106    0.2568
 410.00  0.2870   0.3124   0.4183    0.2524
 420.00  0.2952   0.3172   0.4214    0.2348
 430.00  0.2975   0.3114   0.3879    0.2266
 440.00  0.3046   0.3012   0.3987    0.2285
 450.00  0.3064   0.3281   0.4223    0.2232
 460.00  0.3174   0.3184   0.4281    0.2171
 470.00  0.3257   0.3053   0.4174    0.2195
 480.00  0.3261   0.3163   0.4158    0.2243
 490.00  0.3210   0.3070   0.4004    0.2258
 500.00  0.3268   0.2948   0.3740    0.2087
 510.00  0.3177   0.3046   0.3752    0.2074
 520.00  0.2996   0.3080   0.3776    0.2005
 530.00  0.3019   0.3206   0.3751    0.2284
 540.00  0.2850   0.3057   0.3792    0.2215
 550.00  0.3005   0.3212   0.3862    0.2191
 560.00  0.2949   0.3318   0.3714    0.2196
 570.00  0.2984   0.3254   0.3857    0.2222
 580.00  0.2937   0.3309   0.4050    0.2253
 590.00  0.2969   0.3370   0.3634    0.2174
 600.00  0.3013   0.3323   0.3881    0.2303
 610.00  0.2918   0.3572   0.3772    0.2322
 620.00  0.2943   0.3793   0.3691    0.2248
 630.00  0.2993   0.3557   0.3709    0.2313
 640.00  0.3249   0.3498   0.3634    0.2316
 650.00  0.3121   0.3377   0.3582    0.2251
 660.00  0.3158   0.3426   0.3662    0.2310
 670.00  0.3237   0.3483   0.3544    0.2289
 680.00  0.3135   0.3515   0.3475    0.2270
 690.00  0.3254   0.3450   0.3476    0.2321
 700.00  0.3185   0.3473   0.3464    0.2263
 710.00  0.3107   0.3549   0.3623    0.2234
 720.00  0.3177   0.3417   0.3577    0.2301
 730.00  0.3014   0.3365   0.3758    0.2341
 740.00  0.2891   0.3372   0.3743    0.2249
 750.00  0.3005   0.3322   0.3792    0.2327
 760.00  0.2964   0.3231   0.3908    0.2270
 770.00  0.2987   0.3309   0.3700    0.2275
 780.00  0.3006   0.3356   0.3889    0.2223
 790.00  0.2900   0.3272   0.3755    0.2240
 800.00  0.3269   0.3338   0.3819    0.2163
 810.00  0.3156   0.3372   0.3659    0.2123
 820.00  0.3051   0.3253   0.4001    0.2244
 830.00  0.3018   0.3010   0.4038    0.2347
 840.00  0.2792   0.2901   0.4120    0.2387
 850.00  0.2798   0.3152   0.3993    0.2290
 860.00  0.3062   0.3091   0.3890    0.2239
 870.00  0.3086   0.3173   0.3691    0.2181
 880.00  0.3063   0.3281   0.3691    0.2108
 890.00  0.3056   0.3358   0.3821    0.2208
 900.00  0.3070   0.3492   0.3743    0.2325
 910.00  0.3193   0.3313   0.3838    0.2412
 920.00  0.3011   0.3282   0.4055    0.2419
 930.00  0.3021   0.3370   0.4007    0.2447
 940.00  0.2906   0.3328   0.3806    0.2408
 950.00  0.2969   0.3370   0.3984    0.2434
 960.00  0.2923   0.3316   0.4037    0.2340
 970.00  0.3021   0.3318   0.4137    0.2325
 980.00  0.2795   0.3406   0.3998    0.2551
 990.00  0.2796   0.3485   0.4121    0.2476
1000.00  0.2836   0.3432   0.4054    0.2379
1010.00  0.2861   0.3503   0.4096    0.2292
1020.00  0.2758   0.3546   0.4026    0.2262
1030.00  0.2906   0.3612   0.4058    0.2405
1040.00  0.3065   0.3519   0.4027    0.2332
1050.00  0.3035   0.3511   0.4192    0.2424
1060.00  0.3000   0.3511   0.4012    0.2228
1070.00  0.2950   0.3359   0.4042    0.2308
1080.00  0.2913   0.3476   0.3924    0.2269
1090.00  0.3047   0.3333   0.4044    0.2302
1100.00  0.2972   0.3371   0.4120    0.2255
1110.00  0.3037   0.3522   0.4094    0.2398
1120.00  0.2992   0.3385   0.3831    0.2194
1130.00  0.2943   0.3557   0.4058    0.2282
1140.00  0.2883   0.3457   0.3832    0.2331
1150.00  0.2996   0.3263   0.3977    0.2449
1160.00  0.2950   0.3268   0.4048    0.2414
1170.00  0.2974   0.3352   0.4039    0.2312
1180.00  0.2845   0.3442   0.4058    0.2345
1190.00  0.2874   0.3359   0.3910    0.2318
1200.00  0.3028   0.3415   0.3748    0.2378
1210.00  0.3205   0.3501   0.3885    0.2433
1220.00  0.3204   0.3715   0.3874    0.2379
1230.00  0.2961   0.3581   0.3904    0.2359
1240.00  0.2837   0.3572   0.3609    0.2446
1250.00  0.2788   0.3515   0.3813    0.2434
1260.00  0.2919   0.3414   0.3916    0.2417
1270.00  0.3068   0.3244   0.3970    0.2532
1280.00  0.3066   0.3407   0.3917    0.2509
1290.00  0.3092   0.3416   0.3646    0.2501
1300.00  0.2796   0.3364   0.3744    0.2390
1310.00  0.2746   0.3401   0.4014    0.2455
1320.00  0.2883   0.3493   0.4023    0.2485
1330.00  0.2969   0.3573   0.3934    0.2724
1340.00  0.3048   0.3671   0.3684    0.2794
1350.00  0.3049   0.3458   0.3859    0.2720
1360.00  0.3123   0.3544   0.3897    0.2635
1370.00  0.3244   0.3546   0.3851    0.2652
1380.00  0.3103   0.3508   0.3903    0.2789
1390.00  0.2943   0.3669   0.3765    0.2534
1400.00  0.3101   0.3755   0.3683    0.2754
1410.00  0.3126   0.3705   0.3745    0.2934
1420.00  0.3190   0.3579   0.3538    0.2837
1430.00  0.3133   0.3562   0.3404    0.2824
1440.00  0.3188   0.3720   0.3496    0.2869
1450.00  0.3153   0.3904   0.3844    0.2871
1460.00  0.3161   0.3716   0.3743    0.2906
1470.00  0.3146   0.3817   0.3523    0.2967
1480.00  0.3214   0.3628   0.3571    0.2819
1490.00  0.2982   0.3475   0.3525    0.2803
1500.00  0.2921   0.3617   0.3509    0.2838
1510.00  0.2946   0.3612   0.3725    0.2866
1520.00  0.2996   0.3561   0.3658    0.2985
1530.00  0.2829   0.3579   0.3700    0.2885
1540.00  0.2967   0.3498   0.3563    0.2910
1550.00  0.2860   0.3453   0.3488    0.2941
1560.00  0.3083   0.3611   0.3839    0.2952
1570.00  0.3007   0.3341   0.3826    0.2795
1580.00  0.2916   0.3441   0.3750    0.2733
1590.00  0.2900   0.3425   0.3855    0.2538
1600.00  0.2871   0.3526   0.3830    0.2532
1610.00  0.2926   0.3323   0.3984    0.2616
1620.00  0.2864   0.3312   0.4018    0.2566
1630.00  0.2959   0.3443   0.4090    0.2589
1640.00  0.3030   0.3442   0.4050    0.2609
1650.00  0.3172   0.3550   0.3974    0.2653
1660.00  0.3062   0.3492   0.4103    0.2497
1670.00  0.2937   0.3462   0.3917    0.2364
1680.00  0.2933   0.3517   0.3821    0.2520
1690.00  0.2843   0.3529   0.3946    0.2398
1700.00  0.2820   0.3479   0.3794    0.2400
1710.00  0.2810   0.3500   0.3750    0.2535
1720.00  0.2860   0.3377   0.3764    0.2528
1730.00  0.2856   0.3332   0.3792    0.2683
1740.00  0.2895   0.3307   0.3807    0.2722
1750.00  0.2962   0.3370   0.3865    0.2695
1760.00  0.2846   0.3532   0.3682    0.2724
1770.00  0.2921   0.3506   0.3618    0.2577
1780.00  0.3005   0.3291   0.3640    0.2505
1790.00  0.2960   0.3545   0.3444    0.2501
1800.00  0.3196   0.3503   0.3617    0.2443
1810.00  0.2871   0.3488   0.3691    0.2440
1820.00  0.2770   0.3359   0.3686    0.2385
1830.00  0.2845   0.3461   0.3593    0.2392
1840.00  0.3064   0.3369   0.3626    0.2480
1850.00  0.3017   0.3173   0.3470    0.2504
1860.00  0.3088   0.3191   0.3438    0.2596
1870.00  0.3153   0.3240   0.3429    0.2586
1880.00  0.3106   0.3463   0.3565    0.2533
1890.00  0.2923   0.3539   0.3504    0.2632
1900.00  0.2989   0.3402   0.3433    0.2653
1910.00  0.2949   0.3550   0.3437    0.2730
1920.00  0.2899   0.3390   0.3463    0.2713
1930.00  0.2988   0.3293   0.3665    0.2585
1940.00  0.3152   0.3258   0.3452    0.2427
1950.00  0.3031   0.3478   0.3746    0.2454
1960.00  0.2759   0.3310   0.3842    0.2495
1970.00  0.2720   0.3265   0.3963    0.2530
1980.00  0.2847   0.3235   0.3645    0.2446
1990.00  0.2844   0.3424   0.3693    0.2492
2000.00  0.2826   0.3560   0.3665    0.2537
2010.00  0.2798   0.3666   0.3692    0.2491
2020.00  0.2843   0.3408   0.3546    0.2604
2030.00  0.2868   0.3424   0.3465    0.2660
2040.00  0.2891   0.3331   0.3489    0.2591
2050.00  0.2940   0.3466   0.3251    0.2470
2060.00  0.2799   0.3446   0.3397    0.2472
2070.00  0.2880   0.3247   0.3645    0.2440
2080.00  0.2819   0.3344   0.3474    0.2534
2090.00  0.2806   0.3032   0.3347    0.2594
2100.00  0.2774   0.3062   0.3435    0.2785
2110.00  0.2845   0.2931   0.3294    0.2584
2120.00  0.2969   0.3072   0.3394    0.2549
2130.00  0.3049   0.3130   0.3622    0.2664
2140.00  0.2925   0.3202   0.3415    0.2521
2150.00  0.2913   0.3018   0.3588    0.2562
2160.00  0.2758   0.3290   0.3704    0.2615
2170.00  0.2774   0.3415   0.3669    0.2665
2180.00  0.2845   0.3619   0.3727    0.2557
2190.00  0.2719   0.3502   0.3587    0.2540
2200.00  0.2723   0.3517   0.3761    0.2377
2210.00  0.2749   0.3539   0.3920    0.2428
2220.00  0.2665   0.3466   0.4032    0.2418
2230.00  0.2713   0.3596   0.3873    0.2414
2240.00  0.2626   0.3621   0.4006    0.2413
2250.00  0.2672   0.3725   0.3891    0.2478
2260.00  0.2609   0.3627   0.3848    0.2507
2270.00  0.2623   0.3638   0.3942    0.2756
2280.00  0.2659   0.3519   0.3670    0.2463
2290.00  0.2602   0.3522   0.3931    0.2494
2300.00  0.2565   0.3391   0.3851    0.2379
2310.00  0.2594   0.3496   0.3972    0.2545
2320.00  0.2644   0.3419   0.3808    0.2354
2330.00  0.2640   0.3156   0.3544    0.2385
2340.00  0.2860   0.3253   0.3514    0.2492
2350.00  0.2870   0.3340   0.3787    0.2742
2360.00  0.2799   0.3610   0.3593    0.2587
2370.00  0.2830   0.3805   0.3475    0.2799
2380.00  0.2844   0.3857   0.3354    0.2747
2390.00  0.3065   0.3812   0.3454    0.2665
2400.00  0.3084   0.3680   0.3376    0.2662
2410.00  0.3003   0.3661   0.3352    0.2423
2420.00  0.2966   0.3603   0.3369    0.2412
2430.00  0.3010   0.3553   0.3392    0.2487
2440.00  0.2904   0.3348   0.3486    0.2462
2450.00  0.2864   0.3216   0.3453    0.2404
2460.00  0.2897   0.3264   0.3445    0.2439
2470.00  0.3071   0.3204   0.3308    0.2379
2480.00  0.3070   0.3371   0.3437    0.2332
2490.00  0.3039   0.3398   0.3530    0.2420
2500.00  0.3001   0.3380   0.3567    0.2351
2510.00  0.3017   0.3431   0.3467    0.2370
2520.00  0.3006   0.3468   0.3409    0.2327
2530.00  0.2930   0.3353   0.3482    0.2376
2540.00  0.3140   0.3286   0.3301    0.2387
2550.00  0.3028   0.3234   0.3217    0.2348
2560.00  0.2844   0.3493   0.3194    0.2297
2570.00  0.2955   0.3632   0.3338    0.2371
2580.00  0.2888   0.3676   0.3272    0.2358
2590.00  0.2870   0.3469   0.3432    0.2205
2600.00  0.3031   0.3454   0.3493    0.2355
2610.00  0.3043   0.3552   0.3552    0.2410
2620.00  0.3056   0.3495   0.3575    0.2433
2630.00  0.3141   0.3607   0.3487    0.2505
2640.00  0.3288   0.3466   0.3565    0.2392
2650.00  0.3330   0.3270   0.3561    0.2335
2660.00  0.3377   0.3490   0.3543    0.2268
2670.00  0.3415   0.3482   0.3579    0.2380
2680.00  0.3430   0.3362   0.3657    0.2337
2690.00  0.3312   0.3542   0.3305    0.2374
2700.00  0.3488   0.3316   0.3359    0.2268
2710.00  0.3464   0.3303   0.3576    0.2109
2720.00  0.3405   0.3227   0.3779    0.2163
2730.00  0.3592   0.3200   0.3753    0.2217
2740.00  0.3428   0.3270   0.3807    0.2250
2750.00  0.3287   0.3200   0.3561    0.2318
2760.00  0.3276   0.3230   0.3570    0.2225
2770.00  0.3228   0.3198   0.3552    0.2486
2780.00  0.3427   0.3195   0.3664    0.2428
2790.00  0.3333   0.3227   0.3647    0.2536
2800.00  0.3167   0.3281   0.3730    0.2525
2810.00  0.3156   0.3416   0.3812    0.2622
2820.00  0.3315   0.3316   0.3862    0.2404
2830.00  0.3160   0.3294   0.3879    0.2359
2840.00  0.3108   0.3328   0.3959    0.2336
2850.00  0.3079   0.3074   0.4212    0.2275
2860.00  0.3001   0.3202   0.4084    0.2263
2870.00  0.3148   0.3077   0.3825    0.2191
2880.00  0.3048   0.3183   0.3485    0.2267
2890.00  0.3115   0.3190   0.3877    0.2174
2900.00  0.3013   0.3260   0.4019    0.2320
2910.00  0.3076   0.3253   0.4022    0.2279
2920.00  0.3356   0.3154   0.3814    0.2236
2930.00  0.3152   0.3334   0.3595    0.2363
2940.00  0.3020   0.3215   0.3425    0.2331
2950.00  0.3129   0.3186   0.3319    0.2280
2960.00  0.3092   0.3399   0.3301    0.2188
2970.00  0.3086   0.3382   0.3335    0.2200
2980.00  0.2967   0.3323   0.3387    0.2180
2990.00  0.3115   0.3311   0.3602    0.2142
3000.00  0.3010   0.3373   0.3544    0.2183
3010.00  0.2941   0.3206   0.3454    0.2262
3020.00  0.2983   0.3007   0.3344    0.2321
3030.00  0.2989   0.3019   0.3209    0.2239
3040.00  0.3160   0.3200   0.3442    0.2171
3050.00  0.3133   0.3380   0.3248    0.2346
3060.00  0.3203   0.3391   0.3302    0.2367
3070.00  0.3215   0.3129   0.3415    0.2368
3080.00  0.3105   0.3310   0.3552    0.2364
3090.00  0.2985   0.3311   0.3611    0.2326
3100.00  0.3108   0.3307   0.3675    0.2409
3110.00  0.3162   0.3251   0.3757    0.2397
3120.00  0.3075   0.2969   0.3669    0.2459
3130.00  0.3057   0.3227   0.3556    0.2478
3140.00  0.3062   0.3123   0.3846    0.2472
3150.00  0.3171   0.2927   0.3767    0.2514
3160.00  0.3031   0.3147   0.3846    0.2493
3170.00  0.2887   0.3132   0.3757    0.2480
3180.00  0.2787   0.3272   0.3590    0.2515
3190.00  0.2832   0.3270   0.3488    0.2441
3200.00  0.2921   0.3197   0.3405    0.2461
3210.00  0.3054   0.3259   0.3382    0.2532
3220.00  0.3070   0.3136   0.3404    0.2536
3230.00  0.3072   0.3365   0.3354    0.2387
3240.00  0.2972   0.3389   0.3250    0.2480
3250.00  0.3120   0.3552   0.3373    0.2447
3260.00  0.3086   0.3429   0.3251    0.2428
3270.00  0.3047   0.3297   0.3435    0.2426
3280.00  0.2950   0.3409   0.3529    0.2401
3290.00  0.3200   0.3257   0.3404    0.2536
3300.00  0.3220   0.3423   0.3430    0.2591
3310.00  0.3237   0.3317   0.3311    0.2473
3320.00  0.3094   0.3383   0.3324    0.2529
3330.00  0.3247   0.3383   0.3132    0.2533
3340.00  0.3483   0.3473   0.3084    0.2644
3350.00  0.3354   0.3352   0.2997    0.2571
3360.00  0.3263   0.3496   0.2987    0.2402
3370.00  0.3015   0.3527   0.3071    0.2382
3380.00  0.3197   0.3580   0.3386    0.2374
3390.00  0.3086   0.3748   0.3316    0.2427
3400.00  0.3163   0.3510   0.3345    0.2522
3410.00  0.3010   0.3558   0.3538    0.2551
3420.00  0.3026   0.3623   0.3567    0.2636
3430.00  0.3039   0.3636   0.3345    0.2581
3440.00  0.3068   0.3543   0.3373    0.2494
3450.00  0.2944   0.3400   0.3576    0.2495
3460.00  0.3020   0.3371   0.3655    0.2469
3470.00  0.3075   0.3228   0.3708    0.2400
3480.00  0.3069   0.3262   0.3384    0.2281
3490.00  0.3025   0.3412   0.3245    0.2475
3500.00  0.3087   0.3400   0.3049    0.2580
3510.00  0.3175   0.3374   0.2884    0.2516
3520.00  0.3175   0.3242   0.3068    0.2350
3530.00  0.3023   0.3149   0.3065    0.2506
3540.00  0.3089   0.3015   0.3180    0.2439
3550.00  0.3121   0.2929   0.3204    0.2481
3560.00  0.3036   0.2830   0.3136    0.2537
3570.00  0.3125   0.2973   0.3214    0.2501
3580.00  0.3243   0.2944   0.3165    0.2529
3590.00  0.3312   0.3063   0.3195    0.2561
3600.00  0.2857   0.3013   0.3279    0.2497
3610.00  0.2861   0.3151   0.3327    0.2580
3620.00  0.2901   0.3324   0.3106    0.2429
3630.00  0.2953   0.3124   0.2922    0.2438
3640.00  0.3116   0.3409   0.2930    0.2369
3650.00  0.3169   0.3233   0.2931    0.2442
3660.00  0.3217   0.3202   0.3087    0.2512
3670.00  0.3208   0.3364   0.2964    0.2517
3680.00  0.3023   0.3218   0.3197    0.2547
3690.00  0.2981   0.3222   0.3082    0.2503
3700.00  0.3110   0.3252   0.3124    0.2598
3710.00  0.3061   0.3275   0.3143    0.2636
3720.00  0.3222   0.3413   0.3066    0.2629
3730.00  0.3051   0.2965   0.3047    0.2675
3740.00  0.2915   0.3013   0.2994    0.2620
3750.00  0.2894   0.3010   0.3005    0.2665
3760.00  0.2823   0.2906   0.3172    0.2531
3770.00  0.2977   0.3074   0.3278    0.2648
3780.00  0.2957   0.3078   0.3265    0.2498
3790.00  0.3137   0.3025   0.2988    0.2490
3800.00  0.2871   0.2960   0.2981    0.2384
3810.00  0.3142   0.3015   0.3275    0.2491
3820.00  0.3196   0.2989   0.3332    0.2411
3830.00  0.3148   0.2878   0.3258    0.2409
3840.00  0.3108   0.3037   0.3238    0.2406
3850.00  0.3036   0.2984   0.3135    0.2446
3860.00  0.3045   0.3056   0.2993    0.2474
3870.00  0.2935   0.3040   0.2676    0.2411
3880.00  0.3089   0.3224   0.2820    0.2347
3890.00  0.3038   0.3124   0.2881    0.2598
3900.00  0.3056   0.3288   0.3000    0.2611
3910.00  0.2901   0.3292   0.2975    0.2617
3920.00  0.3088   0.3443   0.2758    0.2446
3930.00  0.3258   0.3509   0.2753    0.2475
3940.00  0.3109   0.3296   0.2762    0.2479
3950.00  0.3028   0.3378   0.2943    0.2569
3960.00  0.3054   0.3357   0.2923    0.2546
3970.00  0.3043   0.3424   0.2880    0.2639
3980.00  0.3085   0.3423   0.2895    0.2551
3990.00  0.2926   0.3189   0.3117    0.2619
4000.00  0.2967   0.3209   0.3300    0.2495
4010.00  0.3063   0.3429   0.3378    0.2401
4020.00  0.3007   0.3376   0.3147    0.2502
4030.00  0.3041   0.3536   0.3066    0.2526
4040.00  0.3081   0.3276   0.3031    0.2460
4050.00  0.3028   0.3456   0.3152    0.2519
4060.00  0.2956   0.3200   0.3113    0.2628
4070.00  0.3114   0.3394   0.3074    0.2632
4080.00  0.3008   0.3291   0.3310    0.2554
4090.00  0.2900   0.3133   0.3197    0.2356
4100.00  0.3073   0.3321   0.3092    0.2432
4110.00  0.3051   0.3257   0.2954    0.2461
4120.00  0.3019   0.3309   0.3131    0.2508
4130.00  0.3031   0.3161   0.3215    0.2586
4140.00  0.3220   0.3250   0.3050    0.2636
4150.00  0.3393   0.3408   0.3007    0.2483
4160.00  0.3409   0.3311   0.2884    0.2421
4170.00  0.3303   0.3530   0.2757    0.2602
4180.00  0.3316   0.3453   0.2831    0.2599
4190.00  0.3369   0.3417   0.2901    0.2555
4200.00  0.3395   0.3373   0.2876    0.2645
4210.00  0.3297   0.3394   0.3321    0.2481
4220.00  0.3294   0.3315   0.3128    0.2535
4230.00  0.3409   0.3247   0.3163    0.2430
4240.00  0.3456   0.3366   0.3398    0.2497
4250.00  0.3648   0.3374   0.3361    0.2462
4260.00  0.3430   0.3106   0.3294    0.2547
4270.00  0.3390   0.3122   0.3320    0.2386
4280.00  0.3530   0.3146   0.3283    0.2510
4290.00  0.3471   0.3136   0.3244    0.2607
4300.00  0.3724   0.3196   0.3582    0.2604
4310.00  0.3698   0.3045   0.3527    0.2556
4320.00  0.3634   0.3148   0.3248    0.2508
4330.00  0.3633   0.3414   0.3233    0.2577
4340.00  0.3697   0.3354   0.3242    0.2646
4350.00  0.3843   0.3349   0.3224    0.2739
4360.00  0.3694   0.3313   0.3219    0.2751
4370.00  0.3735   0.3344   0.3236    0.2660
4380.00  0.3851   0.3335   0.3240    0.2624
4390.00  0.3880   0.3370   0.3300    0.2644
4400.00  0.3947   0.3356   0.3356    0.2581
4410.00  0.3826   0.3145   0.3386    0.2562
4420.00  0.3650   0.3229   0.3638    0.2668
4430.00  0.3672   0.3433   0.3665    0.2517
4440.00  0.3766   0.3289   0.3530    0.2729
4450.00  0.3697   0.3177   0.3668    0.2709
4460.00  0.3755   0.3095   0.3732    0.2594
4470.00  0.3942   0.3215   0.3753    0.2532
4480.00  0.3993   0.3180   0.3666    0.2744
4490.00  0.3945   0.3042   0.3442    0.2767
4500.00  0.3927   0.3200   0.3669    0.2751
4510.00  0.4073   0.3068   0.3809    0.2762
4520.00  0.3748   0.3065   0.3760    0.2683
4530.00  0.3750   0.3262   0.3620    0.2775
4540.00  0.3773   0.3125   0.3549    0.2721
4550.00  0.3840   0.3202   0.3595    0.2950
4560.00  0.3710   0.3081   0.3261    0.2882
4570.00  0.3746   0.2853   0.3334    0.2809
4580.00  0.3767   0.2896   0.3417    0.2753
4590.00  0.3596   0.3020   0.3108    0.2884
4600.00  0.3572   0.2963   0.2950    0.2822
4610.00  0.3420   0.3274   0.2954    0.2751
4620.00  0.3394   0.3530   0.2998    0.2826
4630.00  0.3461   0.3335   0.2860    0.2843
4640.00  0.3412   0.3159   0.2796    0.2821
4650.00  0.3486   0.3089   0.2806    0.2726
4660.00  0.3360   0.3065   0.3072    0.2822
4670.00  0.3202   0.3187   0.3354    0.2720
4680.00  0.3261   0.3237   0.3185    0.2714
4690.00  0.3393   0.3360   0.3053    0.2774
4700.00  0.3268   0.3577   0.3057    0.2875
4710.00  0.3273   0.3614   0.3062    0.2909
4720.00  0.3228   0.3758   0.3023    0.2836
4730.00  0.3349   0.3571   0.2988    0.2908
4740.00  0.3284   0.3650   0.3258    0.2764
4750.00  0.3249   0.3376   0.3275    0.2807
4760.00  0.3189   0.3530   0.3002    0.2834
4770.00  0.3330   0.3554   0.2994    0.2759
4780.00  0.3341   0.3567   0.3084    0.2688
4790.00  0.3324   0.3388   0.2745    0.2652
4800.00  0.3203   0.3509   0.2664    0.2666
4810.00  0.3244   0.3359   0.2501    0.2727
4820.00  0.3356   0.3408   0.2667    0.2761
4830.00  0.3365   0.3344   0.2574    0.2679
4840.00  0.3167   0.3323   0.2678    0.2715
4850.00  0.3371   0.3482   0.2631    0.2573
4860.00  0.3384   0.3329   0.2832    0.2654
4870.00  0.3247   0.3408   0.2925    0.2616
4880.00  0.3240   0.3484   0.2878    0.2576
4890.00  0.3271   0.3436   0.2637    0.2626
4900.00  0.3200   0.3318   0.2664    0.2631
4910.00  0.3065   0.3320   0.2876    0.2607
4920.00  0.3013   0.3083   0.2779    0.2478
4930.00  0.3168   0.3216   0.2780    0.2581
4940.00  0.3293   0.3178   0.2748    0.2749
4950.00  0.3425   0.3186   0.2839    0.2940
4960.00  0.3353   0.3206   0.2489    0.2807
4970.00  0.3369   0.3324   0.2561    0.2704
4980.00  0.3279   0.3134   0.2510    0.2580
4990.00  0.3144   0.3158   0.2589    0.2597
5000.00  0.3168   0.3432   0.2874    0.2772
5010.00  0.3006   0.3179   0.3010    0.2850
5020.00  0.3033   0.3355   0.3003    0.2877
5030.00  0.3181   0.3291   0.2944    0.2855
5040.00  0.3092   0.3259   0.2964    0.2922
5050.00  0.3366   0.3117   0.3018    0.2780
5060.00  0.3380   0.3047   0.3097    0.2877
5070.00  0.3366   0.3154   0.3119    0.2844
5080.00  0.3355   0.3094   0.3143    0.2838
5090.00  0.3316   0.3173   0.3166    0.2832
5100.00  0.3228   0.3369   0.2901    0.2754
5110.00  0.3113   0.3253   0.3073    0.2841
5120.00  0.3033   0.3281   0.3290    0.2729
5130.00  0.3056   0.3423   0.3409    0.2816
5140.00  0.3068   0.3535   0.3581    0.2961
5150.00  0.3061   0.3391   0.3494    0.2851
5160.00  0.3051   0.3416   0.3371    0.2901
5170.00  0.2993   0.3535   0.3256    0.2799
5180.00  0.3254   0.3511   0.3195    0.2658
5190.00  0.3366   0.3454   0.3559    0.2646
5200.00  0.3153   0.3398   0.3619    0.2563
5210.00  0.3324   0.3479   0.3402    0.2487
5220.00  0.3380   0.3159   0.3429    0.2415
5230.00  0.3665   0.3118   0.3244    0.2350
5240.00  0.3541   0.3046   0.3280    0.2533
5250.00  0.3187   0.3119   0.3165    0.2604
5260.00  0.3103   0.3093   0.3077    0.2767
5270.00  0.3065   0.2882   0.3111    0.2595
5280.00  0.3047   0.2998   0.3026    0.2761
5290.00  0.3104   0.3081   0.3196    0.2707
5300.00  0.3063   0.2992   0.3074    0.2606
5310.00  0.3038   0.3048   0.3201    0.2660
5320.00  0.3255   0.3109   0.3190    0.2541
5330.00  0.3139   0.3301   0.3033    0.2664
5340.00  0.3289   0.3332   0.3175    0.2580
5350.00  0.3192   0.3365   0.3353    0.2641
5360.00  0.3129   0.3344   0.3297    0.2560
5370.00  0.3162   0.3307   0.3426    0.2527
5380.00  0.3160   0.3167   0.3322    0.2594
5390.00  0.3309   0.3308   0.2987    0.2482
5400.00  0.3000   0.3346   0.3165    0.2750
5410.00  0.2949   0.3303   0.3138    0.2803
5420.00  0.2915   0.3376   0.3388    0.3029
5430.00  0.2950   0.3485   0.3478    0.3147
5440.00  0.2990   0.3320   0.3722    0.3067
5450.00  0.3056   0.3240   0.3562    0.2966
5460.00  0.2872   0.3297   0.3433    0.3103
5470.00  0.3201   0.3246   0.3578    0.3183
5480.00  0.3049   0.3417   0.3650    0.3084
5490.00  0.2867   0.3380   0.3520    0.2988
5500.00  0.2911   0.3545   0.3541    0.2825
5510.00  0.2936   0.3252   0.3317    0.2930
5520.00  0.2872   0.3339   0.3557    0.3026
5530.00  0.2779   0.3357   0.3575    0.3045
5540.00  0.2749   0.3295   0.3243    0.3004
5550.00  0.2756   0.3547   0.3288    0.2904
5560.00  0.2633   0.3329   0.3363    0.2914
5570.00  0.2877   0.3325   0.3309    0.2909
5580.00  0.2860   0.3414   0.3322    0.2893
5590.00  0.2791   0.3215   0.3329    0.2882
5600.00  0.2756   0.3127   0.3460    0.2707
5610.00  0.2856   0.3358   0.3378    0.2762
5620.00  0.2831   0.3241   0.3412    0.2677
5630.00  0.2956   0.3292   0.3123    0.2687
5640.00  0.2861   0.3319   0.3095    0.2729
5650.00  0.2723   0.3450   0.3350    0.2659
5660.00  0.2884   0.3552   0.3335    0.2877
5670.00  0.2971   0.3243   0.3297    0.2757
5680.00  0.2880   0.3339   0.3299    0.2639
5690.00  0.2850   0.3345   0.3170    0.2669
5700.00  0.2898   0.3526   0.3059    0.2767
5710.00  0.2945   0.3786   0.3093    0.2768
5720.00  0.2998   0.3595   0.2998    0.2813
5730.00  0.2974   0.3590   0.3295    0.2654
5740.00  0.3143   0.3672   0.3277    0.2720
5750.00  0.3305   0.3716   0.3349    0.2640
5760.00  0.3250   0.3646   0.3292    0.2521
5770.00  0.3240   0.3553   0.3260    0.2517
5780.00  0.3270   0.3565   0.3268    0.2462
5790.00  0.3284   0.3470   0.3216    0.2597
5800.00  0.3210   0.3487   0.3315    0.2465
5810.00  0.3062   0.3453   0.3179    0.2571
5820.00  0.3076   0.3248   0.3359    0.2408
5830.00  0.3057   0.3397   0.3519    0.2445
5840.00  0.3075   0.3216   0.3400    0.2430
5850.00  0.3116   0.3140   0.3225    0.2507
5860.00  0.3097   0.3115   0.3135    0.2499
5870.00  0.3029   0.3315   0.3220    0.2503
5880.00  0.3048   0.3340   0.3251    0.2591
5890.00  0.3092   0.3308   0.3276    0.2531
5900.00  0.3036   0.3226   0.3159    0.2515
5910.00  0.3116   0.3533   0.3263    0.2662
5920.00  0.3213   0.3315   0.3255    0.2647
5930.00  0.3265   0.3230   0.3045    0.2645
5940.00  0.3047   0.3384   0.3163    0.2706
5950.00  0.3016   0.3411   0.3217    0.2686
5960.00  0.2951   0.3209   0.3066    0.2633
5970.00  0.2919   0.3327   0.3007    0.2603
5980.00  0.2796   0.3305   0.3022    0.2598
5990.00  0.2787   0.3152   0.3378    0.2545
6000.00  0.2876   0.3146   0.2820    0.2430
6010.00  0.2669   0.3208   0.2716    0.2555
6020.00  0.2657   0.3140   0.2797    0.2537
6030.00  0.2613   0.3007   0.2823    0.2434
6040.00  0.2608   0.3325   0.2988    0.2463
6050.00  0.2603   0.3170   0.3070    0.2309
6060.00  0.2637   0.3238   0.3263    0.2319
6070.00  0.2764   0.3324   0.3342    0.2380
6080.00  0.2714   0.3332   0.3396    0.2447
6090.00  0.2805   0.3064   0.3502    0.2378
6100.00  0.2684   0.3211   0.3360    0.2548
6110.00  0.2818   0.3373   0.3501    0.2734
6120.00  0.2849   0.3184   0.3339    0.2498
6130.00  0.2952   0.3072   0.3376    0.2575
6140.00  0.2786   0.3190   0.3348    0.2557
6150.00  0.2864   0.3252   0.3348    0.2686
6160.00  0.3027   0.3180   0.3025    0.2783
6170.00  0.2949   0.3294   0.3006    0.2893
6180.00  0.2981   0.3260   0.3066    0.2620
6190.00  0.2988   0.3229   0.2993    0.2650
6200.00  0.3089   0.3076   0.3082    0.2832
6210.00  0.2969   0.3204   0.3140    0.2728
6220.00  0.3003   0.3239   0.3022    0.2802
6230.00  0.2953   0.3254   0.3046    0.2841
6240.00  0.2982   0.3373   0.3237    0.2785
6250.00  0.3043   0.3465   0.3137    0.2732
6260.00  0.3020   0.3127   0.3073    0.2583
6270.00  0.3122   0.3095   0.3233    0.2567
6280.00  0.3152   0.3144   0.3448    0.2616
6290.00  0.3205   0.2975   0.3358    0.2690
6300.00  0.3179   0.3018   0.3441    0.2893
6310.00  0.3021   0.2745   0.3499    0.2810
6320.00  0.3000   0.2926   0.3398    0.2803
6330.00  0.2993   0.2949   0.3687    0.2721
6340.00  0.2958   0.3039   0.3490    0.2807
6350.00  0.2734   0.3057   0.3405    0.2701
6360.00  0.2857   0.3187   0.3500    0.2731
6370.00  0.2891   0.3170   0.3460    0.2642
6380.00  0.2805   0.3094   0.3239    0.2650
6390.00  0.2695   0.3120   0.3459    0.2586
6400.00  0.2645   0.3164   0.3685    0.2575
6410.00  0.2681   0.3374   0.3784    0.2595
6420.00  0.2794   0.3332   0.3537    0.2523
6430.00  0.2892   0.3205   0.3462    0.2444
6440.00  0.2873   0.3364   0.3391    0.2646
6450.00  0.2980   0.3441   0.3639    0.2631
6460.00  0.3020   0.3402   0.3779    0.2575
6470.00  0.2904   0.3221   0.3883    0.2404
6480.00  0.2809   0.3090   0.3731    0.2458
6490.00  0.2908   0.3252   0.3660    0.2479
6500.00  0.2916   0.3425   0.3516    0.2489
6510.00  0.2830   0.3293   0.3492    0.2599
6520.00  0.2689   0.3321   0.3788    0.2497
6530.00  0.2961   0.3344   0.4019    0.2464
6540.00  0.2862   0.3237   0.3795    0.2434
6550.00  0.2956   0.3247   0.3843    0.2516
6560.00  0.2962   0.3250   0.3856    0.2587
6570.00  0.2816   0.3034   0.3645    0.2584
6580.00  0.2732   0.3300   0.3806    0.2645
6590.00  0.2809   0.3305   0.3704    0.2662
6600.00  0.2779   0.3394   0.3678    0.2611
6610.00  0.2804   0.3373   0.3763    0.2678
6620.00  0.2835   0.3451   0.3520    0.2809
6630.00  0.2981   0.3306   0.3555    0.2638
6640.00  0.3007   0.3343   0.3599    0.2789
6650.00  0.2997   0.3290   0.3672    0.2863
6660.00  0.2839   0.3392   0.3678    0.2607
6670.00  0.2690   0.3437   0.3826    0.2599
6680.00  0.2651   0.3509   0.3707    0.2843
6690.00  0.2655   0.3489   0.3755    0.2565
6700.00  0.2551   0.3246   0.3506    0.2706
6710.00  0.2627   0.3214   0.3566    0.2698
6720.00  0.2480   0.3474   0.3552    0.2650
6730.00  0.2570   0.3396   0.3304    0.2651
6740.00  0.2545   0.3333   0.3541    0.2710
6750.00  0.2532   0.3193   0.3393    0.2852
6760.00  0.2601   0.3314   0.3288    0.2692
6770.00  0.2819   0.3451   0.3474    0.2605
6780.00  0.2777   0.3186   0.3421    0.2646
6790.00  0.2670   0.3264   0.3457    0.2620
6800.00  0.2732   0.3198   0.3572    0.2615
6810.00  0.2830   0.3159   0.3599    0.2646
6820.00  0.2638   0.3172   0.3566    0.2583
6830.00  0.2552   0.2967   0.3409    0.2443
6840.00  0.2793   0.3091   0.3335    0.2658
6850.00  0.2732   0.3148   0.3596    0.2387
6860.00  0.2686   0.3192   0.3618    0.2358
6870.00  0.2587   0.3272   0.3732    0.2259
6880.00  0.2650   0.3233   0.3605    0.2308
6890.00  0.2749   0.3408   0.3557    0.2292
6900.00  0.2932   0.3352   0.3435    0.2145
6910.00  0.2933   0.3413   0.3736    0.2150
6920.00  0.2923   0.3354   0.3781    0.2063
6930.00  0.2797   0.3160   0.3888    0.2143
6940.00  0.2785   0.3272   0.4046    0.1999
6950.00  0.2820   0.3328   0.3935    0.2018
6960.00  0.2770   0.3269   0.4009    0.1958
6970.00  0.2847   0.3388   0.3989    0.2002
6980.00  0.2814   0.3181   0.3892    0.1944
6990.00  0.2860   0.3459   0.3815    0.2002
7000.00  0.2731   0.3444   0.3644    0.2012
7010.00  0.2926   0.3340   0.3633    0.2022
7020.00  0.2999   0.3274   0.3625    0.2055
7030.00  0.2978   0.3177   0.3501    0.1979
7040.00  0.2722   0.3322   0.3448    0.1987
7050.00  0.2923   0.3397   0.3458    0.2061
7060.00  0.2890   0.3302   0.3460    0.2008
7070.00  0.2950   0.3349   0.3529    0.1902
7080.00  0.2883   0.3149   0.3373    0.1942
7090.00  0.2727   0.3410   0.3461    0.1962
7100.00  0.2880   0.3346   0.3550    0.1977
7110.00  0.2818   0.3450   0.3644    0.2045
7120.00  0.2754   0.3405   0.3525    0.2096
7130.00  0.2711   0.3319   0.3423    0.2115
7140.00  0.2742   0.3347   0.3389    0.2052
7150.00  0.2813   0.3430   0.3503    0.2043
7160.00  0.2674   0.3242   0.3473    0.2026
7170.00  0.2778   0.3480   0.3385    0.2016
7180.00  0.2855   0.3462   0.3430    0.1943
7190.00  0.2909   0.3474   0.3392    0.2028
7200.00  0.2883   0.3582   0.3341    0.2102
7210.00  0.2943   0.3477   0.3452    0.2137
7220.00  0.2958   0.3441   0.3339    0.2095
7230.00  0.3008   0.3104   0.3319    0.1964
7240.00  0.3024   0.3246   0.3267    0.2012
7250.00  0.3030   0.3163   0.3519    0.2009
7260.00  0.2981   0.3233   0.3533    0.2093
7270.00  0.2919   0.3366   0.3232    0.2023
7280.00  0.2803   0.3381   0.3259    0.2065
7290.00  0.2920   0.3273   0.3616    0.2012
7300.00  0.2861   0.3390   0.3667    0.2087
7310.00  0.2963   0.3430   0.3504    0.1993
7320.00  0.2890   0.3512   0.3669    0.2050
7330.00  0.2875   0.3473   0.3693    0.1954
7340.00  0.2912   0.3394   0.3629    0.2002
7350.00  0.3040   0.3428   0.3585    0.2076
7360.00  0.2931   0.3500   0.3355    0.2064
7370.00  0.3075   0.3415   0.3067    0.2020
7380.00  0.3070   0.3485   0.3098    0.2088
7390.00  0.3088   0.3477   0.3199    0.2068
7400.00  0.3001   0.3691   0.3112    0.2047
7410.00  0.2890   0.3835   0.3005    0.2103
7420.00  0.3082   0.3727   0.3283    0.2030
7430.00  0.3079   0.3650   0.3374    0.2058
7440.00  0.2953   0.3530   0.3100    0.2070
7450.00  0.2974   0.3603   0.3258    0.2002
7460.00  0.2842   0.3527   0.3504    0.2008
7470.00  0.2872   0.3810   0.3478    0.1971
7480.00  0.2826   0.3554   0.3290    0.2044
7490.00  0.2717   0.3684   0.3423    0.1936
7500.00  0.2763   0.3713   0.3465    0.2039
7510.00  0.2764   0.3529   0.3579    0.2135
7520.00  0.2838   0.3499   0.3447    0.2073
7530.00  0.2871   0.3427   0.3649    0.2072
7540.00  0.2655   0.3364   0.3915    0.2081
7550.00  0.2593   0.3475   0.3619    0.2060
7560.00  0.2592   0.3310   0.3706    0.2058
7570.00  0.2684   0.3460   0.3537    0.2066
7580.00  0.2890   0.3427   0.3535    0.1984
7590.00  0.2778   0.3230   0.3349    0.2026
7600.00  0.2857   0.3505   0.3452    0.2020
7610.00  0.2876   0.3477   0.3389    0.2043
7620.00  0.2843   0.3509   0.3319    0.2072
7630.00  0.3096   0.3595   0.3138    0.2096
7640.00  0.3062   0.3502   0.3329    0.2170
7650.00  0.3091   0.3617   0.3300    0.2222
7660.00  0.3035   0.3578   0.3129    0.2087
7670.00  0.3095   0.3463   0.3125    0.2074
7680.00  0.3051   0.3613   0.3189    0.2105
7690.00  0.3134   0.3582   0.3006    0.2124
7700.00  0.3305   0.3661   0.2913    0.1982
7710.00  0.3063   0.3402   0.3050    0.1971
7720.00  0.3194   0.3150   0.3120    0.1959
7730.00  0.3159   0.3349   0.3232    0.1993
7740.00  0.2913   0.3426   0.3363    0.2083
7750.00  0.2933   0.3576   0.3325    0.2028
7760.00  0.2888   0.3445   0.3392    0.1998
7770.00  0.2775   0.3590   0.3585    0.1995
7780.00  0.2902   0.3723   0.3523    0.1979
7790.00  0.2968   0.3765   0.3548    0.1942
7800.00  0.2874   0.3806   0.3366    0.1933
7810.00  0.2750   0.3526   0.3344    0.1982
7820.00  0.2764   0.3627   0.3382    0.1974
7830.00  0.2666   0.3667   0.3315    0.1997
7840.00  0.2798   0.3757   0.3129    0.2076
7850.00  0.2948   0.3718   0.2865    0.2126
7860.00  0.2967   0.3686   0.3135    0.2163
7870.00  0.2944   0.3543   0.3217    0.2167
7880.00  0.2871   0.3588   0.3240    0.2243
7890.00  0.2919   0.3484   0.3452    0.2149
7900.00  0.2981   0.3425   0.3529    0.2205
7910.00  0.3022   0.3309   0.3505    0.2103
7920.00  0.2838   0.3306   0.3377    0.2065
7930.00  0.2891   0.3561   0.3306    0.2098
7940.00  0.2864   0.3546   0.3341    0.2036
7950.00  0.2946   0.3511   0.3233    0.2127
7960.00  0.3018   0.3425   0.3539    0.2020
7970.00  0.3137   0.3538   0.3419    0.2058
7980.00  0.3041   0.3676   0.3258    0.2136
7990.00  0.2801   0.3516   0.3336    0.2101
8000.00  0.2962   0.3415   0.3263    0.2008
8010.00  0.2959   0.3684   0.3287    0.2015
8020.00  0.3066   0.3557   0.3308    0.2036
8030.00  0.3175   0.3569   0.3301    0.1950
8040.00  0.3111   0.3796   0.3277    0.2011
8050.00  0.2959   0.3561   0.3435    0.1956
8060.00  0.3097   0.3609   0.3626    0.2002
8070.00  0.3170   0.3673   0.3543    0.1897
8080.00  0.3328   0.3856   0.3472    0.1992
8090.00  0.3193   0.3695   0.3482    0.2050
8100.00  0.3189   0.3572   0.3646    0.2119
8110.00  0.3114   0.3668   0.3695    0.2085
8120.00  0.3148   0.3661   0.3453    0.2116
8130.00  0.3124   0.3693   0.3267    0.2029
8140.00  0.3069   0.3905   0.3292    0.1956
8150.00  0.3160   0.3922   0.3475    0.1972
8160.00  0.3021   0.3919   0.3351    0.2027
8170.00  0.2938   0.3865   0.2980    0.1988
8180.00  0.2898   0.3736   0.3347    0.2027
8190.00  0.2787   0.3788   0.3529    0.2122
8200.00  0.3098   0.3742   0.3373    0.2154
8210.00  0.3017   0.3860   0.3581    0.2034
8220.00  0.2839   0.3773   0.3596    0.2100
8230.00  0.2722   0.3621   0.3701    0.2037
8240.00  0.2684   0.3669   0.3641    0.2072
8250.00  0.2734   0.3569   0.3705    0.2033
8260.00  0.2792   0.3610   0.3633    0.2124
8270.00  0.2814   0.3610   0.3498    0.1949
8280.00  0.2730   0.3718   0.3358    0.2023
8290.00  0.3091   0.3691   0.3340    0.1998
8300.00  0.2995   0.3842   0.3400    0.2056
8310.00  0.2844   0.3771   0.3268    0.2072
8320.00  0.2857   0.3491   0.3040    0.2036
8330.00  0.2856   0.3478   0.3054    0.2105
8340.00  0.2882   0.3408   0.3336    0.2100
8350.00  0.3027   0.3288   0.3407    0.2177
8360.00  0.3030   0.3166   0.3371    0.2148
8370.00  0.2848   0.3366   0.3264    0.2121
8380.00  0.2871   0.3343   0.3072    0.1965
8390.00  0.2737   0.3464   0.3327    0.2002
8400.00  0.2690   0.3427   0.3288    0.2118
8410.00  0.2529   0.3659   0.3320    0.2213
8420.00  0.2710   0.3544   0.3129    0.2266
8430.00  0.2618   0.3750   0.3111    0.2192
8440.00  0.2595   0.3625   0.3376    0.2147
8450.00  0.2689   0.3447   0.3080    0.2140
8460.00  0.2682   0.3504   0.3230    0.2121
8470.00  0.2789   0.3349   0.3149    0.2041
8480.00  0.2862   0.3734   0.3058    0.2055
8490.00  0.3060   0.3543   0.3123    0.2118
8500.00  0.2976   0.3590   0.3378    0.2089
8510.00  0.2841   0.3758   0.3301    0.2111
8520.00  0.2993   0.3561   0.3195    0.2161
8530.00  0.3033   0.3736   0.3295    0.2085
8540.00  0.3146   0.3723   0.3459    0.2057
8550.00  0.3211   0.3537   0.3498    0.2113
8560.00  0.3256   0.3550   0.3499    0.2188
8570.00  0.3021   0.3426   0.3382    0.2160
8580.00  0.3052   0.3305   0.3639    0.2220
8590.00  0.2745   0.3174   0.3528    0.2208
8600.00  0.2854   0.3158   0.3602    0.2079
8610.00  0.2754   0.3173   0.3479    0.2095
8620.00  0.2683   0.3230   0.3535    0.2029
8630.00  0.2681   0.3359   0.3689    0.2071
8640.00  0.2817   0.3232   0.3433    0.2124
8650.00  0.2646   0.3274   0.3478    0.2058
8660.00  0.2828   0.3226   0.3595    0.2120
8670.00  0.2939   0.3231   0.3708    0.2127
8680.00  0.3022   0.3233   0.3635    0.2171
8690.00  0.2984   0.3318   0.3343    0.2038
8700.00  0.3074   0.3222   0.3235    0.2090
8710.00  0.2935   0.3248   0.3154    0.2109
8720.00  0.3102   0.3144   0.3046    0.2052
8730.00  0.3068   0.3060   0.3291    0.2063
8740.00  0.3057   0.3192   0.3247    0.2154
8750.00  0.2964   0.3188   0.3241    0.2148
8760.00  0.2982   0.3224   0.3297    0.2212
8770.00  0.2956   0.3259   0.3531    0.2177
8780.00  0.2940   0.3314   0.3479    0.2175
8790.00  0.3176   0.3165   0.3510    0.2044
8800.00  0.3197   0.3328   0.3499    0.1996
8810.00  0.3230   0.3472   0.3477    0.2173
8820.00  0.3219   0.3421   0.3345    0.2022
8830.00  0.3054   0.3281   0.3384    0.2020
8840.00  0.3014   0.3204   0.3271    0.2094
8850.00  0.2926   0.3372   0.3302    0.2043
8860.00  0.3035   0.3360   0.3519    0.2112
8870.00  0.3119   0.3156   0.3298    0.2107
8880.00  0.3187   0.3201   0.3173    0.2123
8890.00  0.3029   0.3242   0.3159    0.2078
8900.00  0.3126   0.3493   0.3269    0.2098
8910.00  0.3189   0.3402   0.3215    0.2082
8920.00  0.2921   0.3372   0.3282    0.2154
8930.00  0.2866   0.3583   0.3233    0.2101
8940.00  0.2893   0.3530   0.3265    0.2081
8950.00  0.2864   0.3346   0.3113    0.2072
8960.00  0.2773   0.3375   0.3262    0.1988
8970.00  0.2952   0.3456   0.3143    0.2044
8980.00  0.3096   0.3417   0.3252    0.2034
8990.00  0.2975   0.3405   0.3190    0.2003
9000.00  0.2929   0.3437   0.3126    0.1970
9010.00  0.2908   0.3203   0.3041    0.1932
9020.00  0.3028   0.3221   0.2992    0.1993
9030.00  0.2967   0.3336   0.2945    0.1990
9040.00  0.3061   0.3559   0.3165    0.1947
9050.00  0.3066   0.3728   0.3311    0.2069
9060.00  0.2782   0.3556   0.3222    0.1967
9070.00  0.2759   0.3526   0.3359    0.2042
9080.00  0.2744   0.3622   0.3496    0.2065
9090.00  0.2804   0.3790   0.3433    0.2116
9100.00  0.2797   0.3774   0.3830    0.2076
9110.00  0.2745   0.3612   0.3609    0.2155
9120.00  0.2756   0.3417   0.3806    0.2239
9130.00  0.2684   0.3707   0.3709    0.2122
9140.00  0.2736   0.3764   0.3671    0.2173
9150.00  0.2776   0.3597   0.3732    0.2247
9160.00  0.2827   0.3762   0.3702    0.2247
9170.00  0.2774   0.3565   0.3620    0.2086
9180.00  0.2784   0.3471   0.3721    0.2252
9190.00  0.2676   0.3531   0.3720    0.2132
9200.00  0.2701   0.3459   0.3716    0.2244
9210.00  0.2656   0.3524   0.3623    0.2154
9220.00  0.2574   0.3440   0.3787    0.2232
9230.00  0.2623   0.3434   0.3934    0.2205
9240.00  0.2543   0.3701   0.4094    0.2106
9250.00  0.2623   0.3661   0.4087    0.2199
9260.00  0.2695   0.3549   0.3930    0.2279
9270.00  0.2784   0.3360   0.3776    0.2290
9280.00  0.2597   0.3647   0.3644    0.2249
9290.00  0.2643   0.3763   0.3893    0.2336
9300.00  0.2783   0.3562   0.3919    0.2271
9310.00  0.2721   0.3361   0.3676    0.2195
9320.00  0.2867   0.3563   0.3725    0.2091
9330.00  0.2819   0.3397   0.3770    0.2164
9340.00  0.2738   0.3424   0.3714    0.2109
9350.00  0.2701   0.3492   0.3758    0.2189
9360.00  0.2545   0.3410   0.3889    0.2205
9370.00  0.2612   0.3532   0.3821    0.2313
9380.00  0.2796   0.3535   0.3800    0.2130
9390.00  0.2872   0.3437   0.3750    0.2132
9400.00  0.2660   0.3154   0.3790    0.2111
9410.00  0.2769   0.3243   0.3727    0.2084
9420.00  0.2756   0.3357   0.3968    0.2116
9430.00  0.2859   0.3119   0.3902    0.2083
9440.00  0.2931   0.3166   0.3900    0.2066
9450.00  0.2822   0.3243   0.3891    0.2224
9460.00  0.2834   0.3133   0.3911    0.2303
9470.00  0.2580   0.3151   0.4139    0.2336
9480.00  0.2741   0.3139   0.4166    0.2343
9490.00  0.2657   0.3251   0.4077    0.2398
9500.00  0.2732   0.3227   0.4190    0.2220
9510.00  0.2724   0.3261   0.4164    0.2256
9520.00  0.2592   0.3318   0.4113    0.2348
9530.00  0.2705   0.3297   0.4268    0.2299
9540.00  0.2669   0.3273   0.4056    0.2187
9550.00  0.2630   0.3238   0.4130    0.2281
9560.00  0.2628   0.3405   0.3914    0.2346
9570.00  0.2711   0.3570   0.3784    0.2286
9580.00  0.2753   0.3417   0.3704    0.2333
9590.00  0.2857   0.3342   0.3824    0.2327
9600.00  0.2825   0.3350   0.3873    0.2348
9610.00  0.2784   0.3408   0.3785    0.2288
9620.00  0.2746   0.3499   0.3929    0.2270
9630.00  0.2628   0.3734   0.3941    0.2193
9640.00  0.2710   0.3681   0.3829    0.2185
9650.00  0.2635   0.3613   0.4044    0.2015
9660.00  0.2755   0.3612   0.3795    0.2141
9670.00  0.2871   0.3755   0.3782    0.2285
9680.00  0.2703   0.3721   0.3728    0.2225
9690.00  0.2722   0.3887   0.3615    0.2231
9700.00  0.2866   0.3688   0.3623    0.2300
9710.00  0.2780   0.3802   0.3923    0.2294
9720.00  0.2638   0.3764   0.3946    0.2163
9730.00  0.2697   0.3854   0.3943    0.2163
9740.00  0.2604   0.3727   0.3971    0.2050
9750.00  0.2566   0.3719   0.3913    0.2140
9760.00  0.2731   0.3700   0.3859    0.2170
9770.00  0.2770   0.3332   0.3739    0.2087
9780.00  0.2748   0.3529   0.3524    0.2150
9790.00  0.2768   0.3380   0.3543    0.2035
9800.00  0.2806   0.3373   0.3664    0.2086
9810.00  0.2942   0.3144   0.3575    0.2120
9820.00  0.2947   0.3087   0.3777    0.2072
9830.00  0.2891   0.3327   0.3724    0.2209
9840.00  0.2876   0.3218   0.3872    0.2163
9850.00  0.2956   0.3153   0.3734    0.2302
9860.00  0.3050   0.3376   0.3568    0.2243
9870.00  0.2983   0.3607   0.3712    0.2170
9880.00  0.2913   0.3656   0.3698    0.2254
9890.00  0.3048   0.3653   0.3686    0.2302
9900.00  0.3187   0.3764   0.3414    0.2232
9910.00  0.3051   0.3590   0.3459    0.2150
9920.00  0.3034   0.3651   0.3369    0.2223
9930.00  0.3137   0.3653   0.3246    0.2178
9940.00  0.2981   0.3514   0.3372    0.2066
9950.00  0.3059   0.3369   0.3241    0.2114
9960.00  0.2954   0.3612   0.3017    0.1934
9970.00  0.2840   0.3469   0.3363    0.2131
9980.00  0.2994   0.3346   0.3165    0.2183
9990.00  0.2906   0.3294   0.3440    0.2130
